I(500) :: 2.918e+04 (29181) @1
I(1000) :: 2.883e+04 (28826) @76
I(1500) :: 2.808e+04 (28080) @14
I(2000) :: 2.744e+04 (27442) @99
I(2500) :: 2.634e+04 (26338) @34
I(3000) :: 2.602e+04 (26016) @70
I(3500) :: 2.520e+04 (25195) @98
I(4000) :: 2.480e+04 (24795) @27
I(4500) :: 2.421e+04 (24213) @77
I(5000) :: 2.406e+04 (24063) @84
I(5500) :: 2.365e+04 (23653) @58
I(6000) :: 2.345e+04 (23446) @93
I(6500) :: 2.325e+04 (23247) @68
I(7000) :: 2.293e+04 (22927) @6
I(7500) :: 2.249e+04 (22486) @88
I(8000) :: 2.219e+04 (22191) @39
I(8500) :: 2.182e+04 (21817) @47
I(9000) :: 2.161e+04 (21608) @94
I(9500) :: 2.120e+04 (21196) @48
Best individual fitness: 2.110e+04
	@(0, 0, 0) L: 280
	F: 21100.5 at 0x1c3c810
50, 173, 191, 257, 266, 23, 230, 94, 89, 180, 35, 175, 12, 15, 111, 72, 54, 74, 104, 125, 80, 90, 73, 40, 56, 60, 64, 118, 128, 224, 247, 174, 100, 61, 84, 95, 112, 88, 21, 270, 209, 276, 4, 121, 170, 99, 31, 197, 184, 58, 123, 132, 0, 2, 86, 115, 117, 70, 71, 36, 154, 198, 213, 55, 85, 76, 116, 52, 186, 188, 120, 133, 28, 219, 110, 102, 163, 245, 241, 275, 16, 11, 251, 144, 44, 68, 17, 260, 262, 130, 177, 87, 157, 189, 194, 218, 231, 243, 232, 167, 106, 82, 134, 265, 195, 210, 165, 160, 190, 196, 203, 22, 49, 169, 187, 183, 216, 255, 242, 269, 18, 126, 25, 150, 179, 168, 156, 178, 237, 244, 238, 6, 34, 37, 20, 48, 33, 41, 67, 131, 19, 268, 258, 278, 14, 272, 207, 204, 147, 193, 161, 7, 259, 239, 256, 1, 249, 236, 30, 29, 200, 214, 140, 142, 205, 202, 240, 226, 122, 63, 83, 78, 155, 148, 27, 127, 51, 66, 124, 149, 221, 143, 228, 9, 38, 46, 277, 141, 146, 223, 225, 97, 92, 164, 96, 172, 206, 208, 138, 119, 185, 254, 267, 24, 273, 3, 274, 261, 211, 137, 39, 53, 59, 91, 103, 77, 108, 107, 81, 65, 62, 215, 212, 220, 181, 151, 75, 98, 93, 101, 176, 159, 26, 45, 250, 5, 246, 234, 233, 192, 135, 162, 79, 69, 47, 153, 199, 235, 139, 263, 252, 8, 42, 105, 136, 279, 229, 222, 248, 271, 10, 13, 158, 109, 113, 171, 166, 43, 57, 114, 129, 182, 201, 145, 264, 152, 32, 227, 253, 217, 
Random solutions: 
	@(0, 0, 0) L: 280
	F: 21482.6 at 0x1c3c270
50, 173, 191, 257, 266, 23, 230, 94, 89, 180, 35, 175, 12, 15, 111, 72, 54, 74, 104, 125, 80, 90, 73, 40, 56, 60, 64, 118, 128, 224, 247, 174, 100, 61, 84, 95, 112, 88, 21, 270, 209, 276, 4, 121, 170, 99, 31, 197, 184, 58, 123, 132, 0, 2, 86, 115, 117, 70, 71, 36, 154, 198, 213, 55, 85, 76, 116, 52, 186, 188, 120, 133, 28, 219, 110, 102, 163, 245, 241, 275, 16, 11, 251, 144, 44, 68, 17, 260, 262, 130, 177, 87, 157, 189, 194, 218, 231, 243, 232, 167, 106, 82, 134, 265, 195, 210, 165, 160, 190, 196, 203, 22, 49, 169, 187, 183, 216, 255, 242, 269, 18, 126, 25, 150, 179, 168, 156, 178, 237, 244, 238, 6, 34, 37, 155, 20, 48, 33, 41, 67, 131, 19, 268, 258, 278, 14, 272, 207, 239, 148, 277, 193, 259, 147, 161, 204, 7, 256, 1, 249, 236, 127, 29, 200, 214, 140, 142, 205, 202, 240, 226, 122, 63, 83, 78, 27, 30, 51, 66, 124, 149, 221, 273, 228, 9, 38, 46, 141, 146, 223, 225, 97, 92, 164, 96, 172, 206, 208, 138, 119, 185, 254, 267, 24, 3, 274, 261, 211, 137, 39, 53, 59, 91, 103, 77, 108, 107, 81, 65, 62, 215, 143, 212, 220, 181, 151, 75, 98, 93, 101, 176, 159, 26, 129, 264, 45, 135, 162, 250, 5, 246, 234, 233, 192, 79, 69, 47, 153, 145, 235, 139, 263, 252, 8, 42, 105, 136, 279, 229, 222, 248, 271, 10, 13, 158, 109, 113, 171, 166, 43, 57, 114, 182, 201, 199, 152, 32, 227, 253, 217, 
	@(0, 0, 0) L: 280
	F: 21454.9 at 0x1c3c2c0
50, 173, 191, 257, 266, 23, 230, 94, 89, 180, 35, 175, 12, 15, 111, 72, 54, 74, 104, 125, 80, 90, 73, 40, 56, 60, 64, 128, 224, 247, 174, 100, 61, 84, 95, 112, 88, 21, 217, 209, 276, 4, 121, 170, 99, 31, 197, 184, 58, 123, 132, 0, 2, 86, 115, 117, 70, 71, 36, 154, 198, 213, 55, 85, 76, 116, 52, 186, 188, 118, 120, 133, 28, 219, 110, 102, 163, 245, 241, 275, 16, 11, 251, 144, 44, 68, 17, 260, 262, 130, 177, 87, 157, 189, 194, 218, 231, 232, 167, 106, 82, 134, 265, 195, 210, 165, 160, 190, 196, 203, 22, 49, 169, 187, 183, 216, 255, 242, 269, 18, 126, 25, 150, 179, 168, 156, 178, 237, 244, 238, 6, 34, 67, 20, 48, 33, 41, 37, 131, 19, 268, 258, 278, 14, 272, 207, 204, 147, 193, 161, 7, 259, 239, 256, 1, 249, 236, 30, 29, 200, 214, 140, 142, 205, 202, 240, 226, 122, 63, 83, 78, 155, 148, 27, 62, 51, 66, 124, 149, 221, 143, 228, 9, 38, 46, 141, 146, 223, 225, 97, 164, 96, 172, 206, 208, 138, 119, 185, 254, 267, 24, 264, 3, 261, 211, 137, 39, 53, 59, 91, 103, 77, 108, 107, 81, 65, 127, 215, 212, 220, 181, 45, 75, 98, 93, 101, 176, 159, 26, 151, 135, 162, 243, 250, 5, 246, 234, 233, 192, 79, 69, 47, 153, 199, 235, 139, 263, 252, 8, 42, 105, 136, 279, 229, 222, 248, 274, 271, 10, 13, 277, 92, 158, 109, 113, 171, 166, 43, 57, 114, 129, 182, 201, 145, 273, 152, 32, 227, 253, 270, 
	@(0, 0, 0) L: 280
	F: 21477 at 0x1c3c310
50, 173, 191, 257, 266, 23, 230, 94, 89, 180, 35, 175, 12, 15, 111, 72, 54, 74, 104, 125, 80, 90, 73, 40, 56, 60, 64, 118, 128, 224, 247, 174, 100, 61, 84, 95, 112, 88, 21, 270, 209, 276, 4, 121, 170, 99, 11, 197, 184, 58, 123, 132, 0, 2, 86, 115, 117, 70, 71, 36, 154, 198, 213, 55, 85, 76, 116, 52, 186, 188, 120, 133, 28, 219, 110, 102, 163, 245, 241, 275, 16, 31, 251, 144, 44, 68, 17, 260, 262, 130, 177, 87, 157, 189, 194, 218, 231, 243, 232, 167, 106, 82, 134, 265, 195, 210, 165, 160, 190, 196, 203, 22, 49, 169, 187, 183, 216, 255, 242, 269, 18, 126, 25, 150, 179, 168, 156, 178, 237, 244, 238, 6, 34, 37, 155, 20, 48, 33, 41, 67, 131, 19, 268, 258, 278, 14, 272, 207, 239, 148, 277, 193, 259, 147, 161, 204, 7, 256, 1, 249, 236, 30, 29, 200, 214, 140, 142, 205, 202, 240, 226, 122, 63, 83, 78, 27, 127, 51, 66, 124, 149, 221, 143, 228, 9, 38, 46, 141, 146, 223, 225, 97, 92, 164, 96, 172, 206, 208, 138, 119, 185, 254, 267, 24, 273, 3, 274, 261, 211, 137, 39, 53, 59, 91, 103, 77, 108, 107, 81, 65, 62, 215, 212, 220, 181, 151, 75, 98, 93, 101, 176, 159, 26, 45, 250, 5, 246, 234, 233, 192, 135, 162, 79, 69, 47, 153, 199, 235, 139, 263, 252, 8, 42, 105, 136, 279, 229, 222, 248, 271, 10, 13, 158, 109, 113, 171, 166, 43, 57, 114, 129, 182, 201, 145, 264, 152, 32, 227, 253, 217, 
	@(0, 0, 0) L: 280
	F: 21527.7 at 0x1c3c360
50, 173, 191, 257, 266, 23, 230, 94, 89, 180, 35, 175, 12, 15, 111, 72, 54, 74, 104, 125, 80, 90, 73, 40, 56, 60, 64, 118, 128, 224, 247, 174, 100, 61, 84, 95, 112, 88, 21, 270, 209, 276, 4, 121, 170, 99, 31, 197, 184, 58, 123, 132, 0, 2, 86, 115, 117, 70, 71, 36, 154, 198, 213, 55, 85, 76, 116, 52, 186, 188, 120, 133, 28, 219, 110, 102, 163, 245, 241, 275, 16, 11, 251, 144, 44, 68, 17, 260, 262, 130, 177, 87, 157, 189, 194, 218, 231, 232, 167, 106, 82, 134, 265, 195, 210, 165, 160, 190, 196, 203, 22, 49, 169, 187, 183, 216, 255, 242, 269, 18, 126, 25, 150, 179, 168, 156, 178, 237, 244, 238, 6, 34, 37, 20, 48, 33, 41, 67, 131, 19, 268, 258, 278, 272, 207, 204, 147, 193, 161, 7, 259, 239, 256, 1, 249, 236, 30, 29, 200, 214, 140, 142, 205, 202, 240, 226, 122, 63, 83, 78, 155, 148, 27, 127, 51, 66, 124, 149, 221, 143, 228, 9, 38, 46, 277, 141, 146, 223, 225, 97, 92, 164, 96, 172, 206, 208, 138, 119, 185, 254, 267, 24, 264, 3, 274, 261, 211, 137, 39, 53, 59, 91, 199, 243, 103, 77, 108, 107, 81, 65, 62, 253, 212, 220, 181, 45, 75, 98, 93, 101, 176, 159, 26, 151, 250, 5, 246, 234, 233, 192, 135, 162, 79, 69, 47, 153, 14, 235, 139, 263, 252, 8, 42, 105, 136, 279, 229, 222, 248, 271, 10, 13, 158, 109, 113, 171, 166, 43, 57, 114, 129, 182, 201, 145, 273, 152, 32, 227, 215, 217, 
	@(0, 0, 0) L: 280
	F: 21422 at 0x1c3c3b0
50, 173, 191, 257, 266, 23, 230, 94, 89, 180, 35, 175, 12, 15, 111, 72, 54, 74, 104, 125, 80, 90, 73, 40, 56, 60, 64, 128, 224, 247, 174, 100, 61, 84, 95, 112, 88, 21, 270, 209, 276, 4, 121, 170, 99, 31, 197, 184, 58, 123, 132, 177, 86, 115, 117, 70, 71, 36, 87, 154, 198, 213, 55, 85, 76, 116, 52, 186, 188, 28, 219, 110, 102, 163, 243, 241, 275, 16, 11, 251, 144, 44, 68, 109, 260, 262, 130, 189, 194, 218, 2, 245, 231, 232, 0, 167, 106, 82, 134, 265, 195, 210, 165, 160, 190, 196, 203, 22, 49, 169, 187, 183, 216, 255, 242, 269, 18, 126, 25, 150, 179, 168, 156, 178, 237, 244, 238, 6, 34, 37, 20, 48, 33, 41, 67, 131, 19, 268, 258, 278, 14, 272, 207, 204, 147, 193, 133, 17, 120, 161, 7, 3, 259, 239, 256, 1, 249, 236, 30, 29, 200, 214, 140, 142, 205, 202, 240, 226, 122, 63, 83, 78, 118, 59, 155, 148, 27, 127, 51, 66, 124, 149, 221, 143, 228, 9, 38, 46, 141, 146, 223, 225, 164, 97, 96, 172, 206, 208, 138, 119, 185, 254, 267, 24, 264, 274, 261, 39, 53, 45, 103, 91, 211, 137, 135, 162, 77, 108, 107, 81, 65, 62, 215, 212, 220, 181, 151, 75, 98, 93, 101, 176, 159, 26, 250, 5, 246, 234, 233, 192, 79, 69, 47, 153, 199, 235, 139, 263, 252, 8, 42, 105, 136, 279, 229, 222, 248, 271, 10, 13, 158, 157, 113, 171, 166, 43, 57, 114, 129, 277, 92, 182, 201, 145, 273, 152, 32, 227, 253, 217, 
Creating offsprings: 
Running 2-opt: 
	0
1
2
3
4

Locally optimal: 
	@(0, 0, 0) L: 280
	F: 2783.63 at 0x1da9850
210, 209, 206, 205, 207, 252, 253, 208, 251, 254, 255, 248, 247, 277, 278, 276, 275, 8, 274, 273, 272, 271, 270, 15, 260, 259, 258, 257, 256, 261, 262, 263, 264, 265, 266, 267, 268, 269, 133, 134, 135, 136, 137, 138, 139, 140, 147, 148, 146, 141, 145, 142, 143, 204, 203, 202, 201, 199, 144, 198, 197, 200, 195, 196, 194, 193, 192, 191, 190, 189, 188, 187, 186, 185, 184, 183, 182, 181, 179, 178, 149, 177, 150, 176, 175, 180, 158, 159, 174, 160, 161, 162, 163, 164, 165, 166, 167, 170, 171, 169, 105, 172, 173, 106, 104, 103, 107, 108, 87, 111, 109, 110, 113, 114, 116, 117, 60, 61, 62, 63, 64, 65, 84, 85, 115, 112, 86, 83, 82, 75, 78, 80, 81, 88, 79, 93, 92, 91, 90, 89, 102, 101, 168, 100, 99, 98, 97, 96, 95, 94, 77, 76, 74, 73, 72, 71, 70, 69, 66, 68, 67, 57, 56, 55, 54, 53, 52, 51, 50, 49, 48, 47, 46, 45, 44, 43, 58, 59, 42, 41, 40, 39, 38, 37, 36, 35, 34, 33, 32, 31, 30, 29, 124, 123, 122, 121, 120, 119, 118, 156, 157, 151, 155, 152, 154, 153, 128, 129, 130, 131, 132, 16, 17, 18, 19, 20, 127, 126, 125, 28, 27, 26, 25, 21, 24, 22, 23, 13, 14, 12, 11, 10, 9, 7, 6, 5, 4, 3, 2, 279, 0, 1, 241, 242, 243, 240, 239, 238, 237, 236, 235, 234, 233, 232, 231, 230, 245, 244, 246, 249, 250, 229, 228, 227, 226, 225, 224, 223, 222, 221, 220, 219, 218, 217, 216, 215, 214, 213, 211, 212, 
	@(0, 0, 0) L: 280
	F: 2812.48 at 0x1da98a0
272, 273, 260, 261, 262, 263, 264, 265, 266, 267, 268, 269, 133, 134, 135, 136, 137, 139, 140, 141, 142, 145, 146, 147, 138, 148, 149, 177, 151, 150, 176, 175, 178, 179, 180, 181, 182, 183, 184, 185, 186, 187, 188, 189, 190, 191, 192, 193, 194, 196, 197, 195, 200, 198, 144, 143, 199, 201, 202, 203, 204, 211, 210, 213, 212, 215, 214, 217, 216, 219, 220, 221, 218, 222, 223, 224, 225, 233, 234, 235, 236, 232, 231, 230, 237, 238, 245, 244, 239, 240, 243, 246, 247, 248, 249, 250, 229, 228, 227, 226, 209, 206, 205, 207, 252, 208, 251, 253, 254, 255, 256, 257, 258, 259, 277, 278, 2, 279, 242, 241, 1, 0, 3, 276, 275, 274, 8, 5, 4, 6, 7, 9, 10, 11, 12, 14, 13, 23, 22, 24, 21, 25, 26, 27, 28, 30, 31, 32, 33, 34, 35, 37, 36, 49, 50, 51, 48, 38, 39, 40, 41, 42, 59, 60, 61, 62, 58, 43, 44, 45, 46, 47, 52, 53, 54, 55, 56, 57, 67, 68, 66, 69, 70, 71, 72, 73, 74, 76, 77, 94, 95, 96, 93, 92, 97, 98, 99, 100, 101, 102, 91, 90, 89, 79, 80, 78, 75, 82, 83, 84, 65, 63, 64, 85, 115, 117, 116, 114, 113, 112, 86, 87, 81, 88, 111, 110, 109, 108, 107, 103, 104, 105, 106, 173, 172, 170, 171, 169, 168, 167, 166, 165, 164, 163, 162, 161, 160, 174, 159, 158, 157, 156, 118, 119, 155, 152, 154, 153, 120, 121, 122, 123, 124, 29, 125, 126, 128, 127, 20, 129, 130, 19, 18, 131, 132, 17, 16, 15, 271, 270, 
	@(0, 0, 0) L: 280
	F: 2798.06 at 0x1da98f0
220, 221, 222, 223, 224, 225, 226, 227, 228, 229, 250, 249, 246, 244, 245, 230, 231, 232, 233, 234, 235, 236, 237, 238, 239, 240, 243, 242, 241, 1, 0, 279, 2, 278, 277, 247, 248, 255, 256, 257, 258, 259, 260, 261, 262, 263, 264, 265, 139, 138, 148, 137, 136, 266, 267, 135, 134, 268, 133, 269, 271, 272, 273, 274, 275, 276, 3, 4, 5, 6, 7, 8, 9, 10, 11, 12, 13, 14, 270, 15, 16, 17, 132, 131, 18, 23, 22, 24, 21, 25, 19, 130, 129, 20, 128, 127, 126, 125, 122, 123, 124, 29, 28, 26, 27, 31, 30, 32, 33, 34, 35, 37, 36, 49, 50, 51, 48, 47, 52, 53, 54, 45, 46, 38, 39, 40, 41, 42, 59, 60, 117, 116, 61, 58, 43, 44, 55, 56, 57, 62, 63, 64, 65, 66, 67, 68, 69, 70, 71, 72, 73, 74, 76, 77, 94, 93, 95, 96, 97, 92, 90, 89, 79, 80, 78, 75, 81, 88, 108, 87, 82, 83, 84, 85, 115, 114, 86, 112, 113, 110, 111, 109, 107, 103, 104, 105, 106, 173, 172, 171, 170, 169, 168, 100, 101, 102, 91, 98, 99, 167, 166, 165, 164, 163, 162, 161, 160, 174, 159, 158, 180, 175, 176, 157, 156, 118, 119, 120, 121, 153, 154, 152, 155, 151, 150, 177, 149, 178, 179, 181, 182, 183, 184, 185, 186, 187, 188, 189, 190, 191, 192, 193, 194, 195, 196, 197, 198, 144, 145, 146, 147, 140, 141, 142, 143, 199, 200, 201, 202, 203, 204, 211, 206, 205, 207, 252, 253, 254, 251, 208, 209, 210, 212, 213, 214, 215, 216, 217, 218, 219, 
	@(0, 0, 0) L: 280
	F: 2881.43 at 0x1da9940
219, 220, 221, 222, 223, 224, 225, 226, 227, 228, 208, 251, 252, 253, 254, 255, 256, 257, 263, 262, 261, 260, 259, 258, 277, 247, 248, 249, 250, 229, 230, 231, 232, 233, 234, 235, 236, 237, 238, 245, 244, 239, 240, 243, 246, 242, 241, 1, 0, 279, 2, 278, 3, 276, 4, 5, 6, 7, 9, 8, 275, 274, 273, 272, 271, 10, 11, 12, 13, 14, 270, 15, 269, 268, 134, 133, 132, 17, 16, 23, 22, 24, 21, 25, 26, 27, 28, 127, 20, 19, 18, 131, 130, 129, 128, 126, 125, 124, 29, 30, 31, 32, 33, 34, 35, 36, 37, 38, 39, 40, 41, 42, 44, 45, 46, 47, 48, 49, 50, 51, 52, 53, 54, 55, 56, 57, 58, 43, 59, 60, 117, 116, 61, 62, 63, 67, 68, 66, 69, 70, 71, 65, 64, 85, 86, 112, 115, 114, 113, 110, 111, 87, 109, 106, 105, 104, 101, 91, 102, 103, 107, 108, 89, 90, 88, 80, 81, 82, 83, 84, 72, 73, 74, 76, 77, 75, 78, 79, 94, 95, 96, 93, 92, 97, 98, 99, 100, 168, 169, 167, 166, 165, 171, 170, 172, 173, 160, 161, 162, 163, 164, 187, 188, 189, 190, 191, 192, 185, 186, 184, 183, 182, 181, 179, 178, 175, 180, 174, 159, 158, 157, 156, 118, 119, 120, 121, 122, 123, 153, 154, 152, 155, 151, 150, 176, 177, 149, 148, 147, 138, 137, 136, 135, 267, 266, 264, 265, 139, 140, 141, 142, 146, 145, 144, 143, 199, 198, 197, 196, 193, 194, 195, 200, 201, 202, 203, 204, 205, 207, 206, 209, 210, 211, 212, 213, 214, 215, 216, 218, 217, 
	@(0, 0, 0) L: 280
	F: 2810.7 at 0x1da9990
215, 214, 213, 212, 211, 206, 205, 204, 203, 202, 201, 200, 195, 194, 193, 196, 197, 192, 191, 190, 189, 188, 187, 186, 185, 184, 164, 163, 162, 173, 172, 106, 105, 104, 103, 107, 108, 109, 110, 112, 113, 114, 116, 115, 86, 85, 64, 84, 83, 82, 87, 111, 88, 89, 90, 102, 101, 168, 169, 171, 170, 165, 166, 167, 99, 100, 98, 91, 97, 96, 95, 94, 93, 92, 79, 80, 81, 78, 75, 77, 76, 74, 73, 72, 71, 70, 69, 68, 67, 66, 65, 63, 62, 57, 56, 55, 54, 53, 52, 51, 50, 49, 48, 47, 46, 45, 44, 43, 58, 61, 117, 60, 59, 42, 41, 40, 39, 38, 37, 36, 35, 34, 33, 32, 31, 30, 29, 124, 123, 122, 121, 120, 119, 118, 156, 157, 158, 159, 174, 160, 161, 183, 182, 181, 180, 175, 176, 179, 178, 149, 177, 150, 151, 155, 152, 154, 153, 128, 129, 130, 131, 132, 133, 269, 268, 134, 135, 267, 136, 137, 138, 148, 146, 145, 144, 198, 199, 143, 142, 141, 140, 147, 139, 264, 265, 266, 263, 262, 261, 256, 257, 258, 259, 260, 274, 273, 272, 271, 270, 14, 15, 16, 17, 18, 19, 20, 127, 126, 125, 28, 27, 26, 25, 21, 24, 22, 23, 13, 12, 11, 10, 9, 8, 7, 6, 5, 4, 275, 276, 3, 0, 1, 279, 2, 278, 277, 247, 248, 255, 253, 254, 251, 252, 207, 208, 209, 210, 226, 227, 228, 229, 250, 249, 246, 244, 243, 242, 241, 240, 239, 238, 245, 230, 237, 236, 231, 232, 235, 234, 233, 225, 224, 223, 222, 217, 218, 221, 220, 216, 219, 
PX is feasible: 
SG(1) = 9, 12
SG(2) = 271, 274
---------------
	@(0, 0, 0) L: 280
	F: 2783.63 at 0x1da9850
210, 209, 206, 205, 207, 252, 253, 208, 251, 254, 255, 248, 247, 277, 278, 276, 275, 8, 274, 273, 272, 271, 270, 15, 260, 259, 258, 257, 256, 261, 262, 263, 264, 265, 266, 267, 268, 269, 133, 134, 135, 136, 137, 138, 139, 140, 147, 148, 146, 141, 145, 142, 143, 204, 203, 202, 201, 199, 144, 198, 197, 200, 195, 196, 194, 193, 192, 191, 190, 189, 188, 187, 186, 185, 184, 183, 182, 181, 179, 178, 149, 177, 150, 176, 175, 180, 158, 159, 174, 160, 161, 162, 163, 164, 165, 166, 167, 170, 171, 169, 105, 172, 173, 106, 104, 103, 107, 108, 87, 111, 109, 110, 113, 114, 116, 117, 60, 61, 62, 63, 64, 65, 84, 85, 115, 112, 86, 83, 82, 75, 78, 80, 81, 88, 79, 93, 92, 91, 90, 89, 102, 101, 168, 100, 99, 98, 97, 96, 95, 94, 77, 76, 74, 73, 72, 71, 70, 69, 66, 68, 67, 57, 56, 55, 54, 53, 52, 51, 50, 49, 48, 47, 46, 45, 44, 43, 58, 59, 42, 41, 40, 39, 38, 37, 36, 35, 34, 33, 32, 31, 30, 29, 124, 123, 122, 121, 120, 119, 118, 156, 157, 151, 155, 152, 154, 153, 128, 129, 130, 131, 132, 16, 17, 18, 19, 20, 127, 126, 125, 28, 27, 26, 25, 21, 24, 22, 23, 13, 14, 12, 11, 10, 9, 7, 6, 5, 4, 3, 2, 279, 0, 1, 241, 242, 243, 240, 239, 238, 237, 236, 235, 234, 233, 232, 231, 230, 245, 244, 246, 249, 250, 229, 228, 227, 226, 225, 224, 223, 222, 221, 220, 219, 218, 217, 216, 215, 214, 213, 211, 212, 
	@(0, 0, 0) L: 280
	F: 2798.06 at 0x1da98f0
220, 221, 222, 223, 224, 225, 226, 227, 228, 229, 250, 249, 246, 244, 245, 230, 231, 232, 233, 234, 235, 236, 237, 238, 239, 240, 243, 242, 241, 1, 0, 279, 2, 278, 277, 247, 248, 255, 256, 257, 258, 259, 260, 261, 262, 263, 264, 265, 139, 138, 148, 137, 136, 266, 267, 135, 134, 268, 133, 269, 271, 272, 273, 274, 275, 276, 3, 4, 5, 6, 7, 8, 9, 10, 11, 12, 13, 14, 270, 15, 16, 17, 132, 131, 18, 23, 22, 24, 21, 25, 19, 130, 129, 20, 128, 127, 126, 125, 122, 123, 124, 29, 28, 26, 27, 31, 30, 32, 33, 34, 35, 37, 36, 49, 50, 51, 48, 47, 52, 53, 54, 45, 46, 38, 39, 40, 41, 42, 59, 60, 117, 116, 61, 58, 43, 44, 55, 56, 57, 62, 63, 64, 65, 66, 67, 68, 69, 70, 71, 72, 73, 74, 76, 77, 94, 93, 95, 96, 97, 92, 90, 89, 79, 80, 78, 75, 81, 88, 108, 87, 82, 83, 84, 85, 115, 114, 86, 112, 113, 110, 111, 109, 107, 103, 104, 105, 106, 173, 172, 171, 170, 169, 168, 100, 101, 102, 91, 98, 99, 167, 166, 165, 164, 163, 162, 161, 160, 174, 159, 158, 180, 175, 176, 157, 156, 118, 119, 120, 121, 153, 154, 152, 155, 151, 150, 177, 149, 178, 179, 181, 182, 183, 184, 185, 186, 187, 188, 189, 190, 191, 192, 193, 194, 195, 196, 197, 198, 144, 145, 146, 147, 140, 141, 142, 143, 199, 200, 201, 202, 203, 204, 211, 206, 205, 207, 252, 253, 254, 251, 208, 209, 210, 212, 213, 214, 215, 216, 217, 218, 219, 
	generates
	@(0, 0, 0) L: 280
	F: 2881.23 at 0x1c3e4c0
210, 209, 206, 205, 207, 252, 253, 208, 251, 254, 255, 248, 247, 277, 278, 276, 275, 8, 274, 273, 272, 271, 270, 15, 260, 259, 258, 257, 256, 261, 262, 263, 264, 265, 266, 267, 268, 269, 133, 134, 135, 136, 137, 138, 139, 140, 147, 148, 146, 141, 145, 142, 143, 204, 203, 202, 201, 199, 144, 198, 197, 200, 195, 196, 194, 193, 192, 191, 190, 189, 188, 187, 186, 185, 184, 183, 182, 181, 179, 178, 149, 177, 150, 176, 175, 180, 158, 159, 174, 160, 161, 162, 163, 164, 165, 166, 167, 170, 171, 169, 105, 172, 173, 106, 104, 103, 107, 108, 87, 111, 109, 110, 113, 114, 116, 117, 60, 61, 62, 63, 64, 65, 84, 85, 115, 112, 86, 83, 82, 75, 78, 80, 81, 88, 79, 93, 92, 91, 90, 89, 102, 101, 168, 100, 99, 98, 97, 96, 95, 94, 77, 76, 74, 73, 72, 71, 70, 69, 66, 68, 67, 57, 56, 55, 54, 53, 52, 51, 50, 49, 48, 47, 46, 45, 44, 43, 58, 59, 42, 41, 40, 39, 38, 37, 36, 35, 34, 33, 32, 31, 30, 29, 124, 123, 122, 121, 120, 119, 118, 156, 157, 151, 155, 152, 154, 153, 128, 129, 130, 131, 132, 16, 17, 18, 19, 20, 127, 126, 125, 28, 27, 272, 273, 274, 275, 276, 3, 4, 5, 6, 7, 8, 9, 7, 6, 5, 4, 3, 2, 279, 0, 1, 241, 242, 243, 240, 239, 238, 237, 236, 235, 234, 233, 232, 231, 230, 245, 244, 246, 249, 250, 229, 228, 227, 226, 225, 224, 223, 222, 221, 220, 219, 218, 217, 216, 215, 214, 213, 211, 212, 
	@(0, 0, 0) L: 280
	F: 2890.7 at 0x1c3e520
210, 209, 206, 205, 207, 252, 253, 208, 251, 254, 255, 248, 247, 277, 278, 276, 275, 8, 274, 273, 272, 271, 270, 15, 260, 259, 258, 257, 256, 261, 262, 263, 264, 265, 266, 267, 268, 269, 133, 134, 135, 136, 137, 138, 139, 140, 147, 148, 146, 141, 145, 142, 143, 204, 203, 202, 201, 199, 144, 198, 197, 200, 195, 196, 194, 193, 192, 191, 190, 189, 188, 187, 186, 185, 184, 183, 182, 181, 179, 178, 149, 177, 150, 176, 175, 180, 158, 159, 174, 160, 161, 162, 163, 164, 165, 166, 167, 170, 171, 169, 105, 172, 173, 106, 104, 103, 107, 108, 87, 111, 109, 110, 113, 114, 116, 117, 60, 61, 62, 63, 64, 65, 84, 85, 115, 112, 86, 83, 82, 75, 78, 80, 81, 88, 79, 93, 92, 91, 90, 89, 102, 101, 168, 100, 99, 98, 97, 96, 95, 94, 77, 76, 74, 73, 72, 71, 70, 69, 66, 68, 67, 57, 56, 55, 54, 53, 52, 51, 50, 49, 48, 47, 46, 45, 44, 43, 58, 59, 42, 41, 40, 39, 38, 37, 36, 35, 34, 33, 32, 31, 30, 29, 124, 123, 122, 121, 120, 119, 118, 156, 157, 151, 155, 152, 154, 153, 128, 129, 130, 131, 132, 16, 17, 18, 19, 20, 127, 126, 275, 276, 3, 4, 5, 6, 7, 8, 9, 10, 11, 12, 11, 10, 9, 7, 6, 5, 4, 3, 2, 279, 0, 1, 241, 242, 243, 240, 239, 238, 237, 236, 235, 234, 233, 232, 231, 230, 245, 244, 246, 249, 250, 229, 228, 227, 226, 225, 224, 223, 222, 221, 220, 219, 218, 217, 216, 215, 214, 213, 211, 212, 
#	2783.63	2798.06	2702.05	2890.7	2695.42	2677.23
PX is feasible: 
SG(1) = 72, 77
SG(2) = 82, 83
---------------
	@(0, 0, 0) L: 280
	F: 2783.63 at 0x1da9850
210, 209, 206, 205, 207, 252, 253, 208, 251, 254, 255, 248, 247, 277, 278, 276, 275, 8, 274, 273, 272, 271, 270, 15, 260, 259, 258, 257, 256, 261, 262, 263, 264, 265, 266, 267, 268, 269, 133, 134, 135, 136, 137, 138, 139, 140, 147, 148, 146, 141, 145, 142, 143, 204, 203, 202, 201, 199, 144, 198, 197, 200, 195, 196, 194, 193, 192, 191, 190, 189, 188, 187, 186, 185, 184, 183, 182, 181, 179, 178, 149, 177, 150, 176, 175, 180, 158, 159, 174, 160, 161, 162, 163, 164, 165, 166, 167, 170, 171, 169, 105, 172, 173, 106, 104, 103, 107, 108, 87, 111, 109, 110, 113, 114, 116, 117, 60, 61, 62, 63, 64, 65, 84, 85, 115, 112, 86, 83, 82, 75, 78, 80, 81, 88, 79, 93, 92, 91, 90, 89, 102, 101, 168, 100, 99, 98, 97, 96, 95, 94, 77, 76, 74, 73, 72, 71, 70, 69, 66, 68, 67, 57, 56, 55, 54, 53, 52, 51, 50, 49, 48, 47, 46, 45, 44, 43, 58, 59, 42, 41, 40, 39, 38, 37, 36, 35, 34, 33, 32, 31, 30, 29, 124, 123, 122, 121, 120, 119, 118, 156, 157, 151, 155, 152, 154, 153, 128, 129, 130, 131, 132, 16, 17, 18, 19, 20, 127, 126, 125, 28, 27, 26, 25, 21, 24, 22, 23, 13, 14, 12, 11, 10, 9, 7, 6, 5, 4, 3, 2, 279, 0, 1, 241, 242, 243, 240, 239, 238, 237, 236, 235, 234, 233, 232, 231, 230, 245, 244, 246, 249, 250, 229, 228, 227, 226, 225, 224, 223, 222, 221, 220, 219, 218, 217, 216, 215, 214, 213, 211, 212, 
	@(0, 0, 0) L: 280
	F: 2881.43 at 0x1da9940
219, 220, 221, 222, 223, 224, 225, 226, 227, 228, 208, 251, 252, 253, 254, 255, 256, 257, 263, 262, 261, 260, 259, 258, 277, 247, 248, 249, 250, 229, 230, 231, 232, 233, 234, 235, 236, 237, 238, 245, 244, 239, 240, 243, 246, 242, 241, 1, 0, 279, 2, 278, 3, 276, 4, 5, 6, 7, 9, 8, 275, 274, 273, 272, 271, 10, 11, 12, 13, 14, 270, 15, 269, 268, 134, 133, 132, 17, 16, 23, 22, 24, 21, 25, 26, 27, 28, 127, 20, 19, 18, 131, 130, 129, 128, 126, 125, 124, 29, 30, 31, 32, 33, 34, 35, 36, 37, 38, 39, 40, 41, 42, 44, 45, 46, 47, 48, 49, 50, 51, 52, 53, 54, 55, 56, 57, 58, 43, 59, 60, 117, 116, 61, 62, 63, 67, 68, 66, 69, 70, 71, 65, 64, 85, 86, 112, 115, 114, 113, 110, 111, 87, 109, 106, 105, 104, 101, 91, 102, 103, 107, 108, 89, 90, 88, 80, 81, 82, 83, 84, 72, 73, 74, 76, 77, 75, 78, 79, 94, 95, 96, 93, 92, 97, 98, 99, 100, 168, 169, 167, 166, 165, 171, 170, 172, 173, 160, 161, 162, 163, 164, 187, 188, 189, 190, 191, 192, 185, 186, 184, 183, 182, 181, 179, 178, 175, 180, 174, 159, 158, 157, 156, 118, 119, 120, 121, 122, 123, 153, 154, 152, 155, 151, 150, 176, 177, 149, 148, 147, 138, 137, 136, 135, 267, 266, 264, 265, 139, 140, 141, 142, 146, 145, 144, 143, 199, 198, 197, 196, 193, 194, 195, 200, 201, 202, 203, 204, 205, 207, 206, 209, 210, 211, 212, 213, 214, 215, 216, 218, 217, 
	generates
	@(0, 0, 0) L: 280
	F: 2826.86 at 0x1c3e4c0
210, 209, 206, 205, 207, 252, 253, 208, 251, 254, 255, 248, 247, 277, 278, 276, 275, 8, 274, 273, 272, 271, 270, 15, 260, 259, 258, 257, 256, 261, 262, 263, 264, 265, 266, 267, 268, 269, 133, 134, 135, 136, 137, 138, 139, 140, 147, 148, 146, 141, 145, 142, 143, 204, 203, 202, 201, 199, 144, 198, 197, 200, 195, 196, 194, 193, 192, 191, 190, 189, 188, 187, 186, 185, 184, 183, 182, 181, 179, 178, 149, 177, 150, 176, 175, 180, 158, 159, 174, 160, 161, 162, 163, 164, 165, 166, 167, 170, 171, 169, 105, 172, 173, 106, 104, 103, 107, 108, 87, 111, 109, 110, 113, 114, 116, 117, 60, 61, 62, 63, 64, 65, 84, 85, 115, 112, 86, 83, 82, 75, 78, 80, 81, 88, 79, 93, 92, 91, 90, 89, 102, 101, 168, 100, 99, 98, 97, 96, 95, 94, 77, 76, 83, 84, 72, 71, 70, 69, 66, 68, 67, 57, 56, 55, 54, 53, 52, 51, 50, 49, 48, 47, 46, 45, 44, 43, 58, 59, 42, 41, 40, 39, 38, 37, 36, 35, 34, 33, 32, 31, 30, 29, 124, 123, 122, 121, 120, 119, 118, 156, 157, 151, 155, 152, 154, 153, 128, 129, 130, 131, 132, 16, 17, 18, 19, 20, 127, 126, 125, 28, 27, 26, 25, 21, 24, 22, 23, 13, 14, 12, 11, 10, 9, 7, 6, 5, 4, 3, 2, 279, 0, 1, 241, 242, 243, 240, 239, 238, 237, 236, 235, 234, 233, 232, 231, 230, 245, 244, 246, 249, 250, 229, 228, 227, 226, 225, 224, 223, 222, 221, 220, 219, 218, 217, 216, 215, 214, 213, 211, 212, 
	@(0, 0, 0) L: 280
	F: 2849.35 at 0x1c3e520
210, 209, 206, 205, 207, 252, 253, 208, 251, 254, 255, 248, 247, 277, 278, 276, 275, 8, 274, 273, 272, 271, 270, 15, 260, 259, 258, 257, 256, 261, 262, 263, 264, 265, 266, 267, 268, 269, 133, 134, 135, 136, 137, 138, 139, 140, 147, 148, 146, 141, 145, 142, 143, 204, 203, 202, 201, 199, 144, 198, 197, 200, 195, 196, 194, 193, 192, 191, 190, 189, 188, 187, 186, 185, 184, 183, 182, 181, 179, 178, 149, 177, 150, 176, 175, 180, 158, 159, 174, 160, 161, 162, 163, 164, 165, 166, 167, 170, 171, 169, 105, 172, 173, 106, 104, 103, 107, 108, 87, 111, 109, 110, 113, 114, 116, 117, 60, 61, 62, 63, 64, 65, 84, 85, 115, 112, 86, 83, 82, 75, 78, 80, 81, 88, 79, 93, 92, 91, 90, 89, 102, 101, 168, 100, 99, 84, 72, 73, 74, 76, 77, 76, 74, 73, 72, 71, 70, 69, 66, 68, 67, 57, 56, 55, 54, 53, 52, 51, 50, 49, 48, 47, 46, 45, 44, 43, 58, 59, 42, 41, 40, 39, 38, 37, 36, 35, 34, 33, 32, 31, 30, 29, 124, 123, 122, 121, 120, 119, 118, 156, 157, 151, 155, 152, 154, 153, 128, 129, 130, 131, 132, 16, 17, 18, 19, 20, 127, 126, 125, 28, 27, 26, 25, 21, 24, 22, 23, 13, 14, 12, 11, 10, 9, 7, 6, 5, 4, 3, 2, 279, 0, 1, 241, 242, 243, 240, 239, 238, 237, 236, 235, 234, 233, 232, 231, 230, 245, 244, 246, 249, 250, 229, 228, 227, 226, 225, 224, 223, 222, 221, 220, 219, 218, 217, 216, 215, 214, 213, 211, 212, 
#	2783.63	2881.43	2761.96	2849.35	2768.58	2725.37
PX is feasible: 
SG(1) = 9, 12
SG(2) = 260, 265
---------------
	@(0, 0, 0) L: 280
	F: 2812.48 at 0x1da98a0
272, 273, 260, 261, 262, 263, 264, 265, 266, 267, 268, 269, 133, 134, 135, 136, 137, 139, 140, 141, 142, 145, 146, 147, 138, 148, 149, 177, 151, 150, 176, 175, 178, 179, 180, 181, 182, 183, 184, 185, 186, 187, 188, 189, 190, 191, 192, 193, 194, 196, 197, 195, 200, 198, 144, 143, 199, 201, 202, 203, 204, 211, 210, 213, 212, 215, 214, 217, 216, 219, 220, 221, 218, 222, 223, 224, 225, 233, 234, 235, 236, 232, 231, 230, 237, 238, 245, 244, 239, 240, 243, 246, 247, 248, 249, 250, 229, 228, 227, 226, 209, 206, 205, 207, 252, 208, 251, 253, 254, 255, 256, 257, 258, 259, 277, 278, 2, 279, 242, 241, 1, 0, 3, 276, 275, 274, 8, 5, 4, 6, 7, 9, 10, 11, 12, 14, 13, 23, 22, 24, 21, 25, 26, 27, 28, 30, 31, 32, 33, 34, 35, 37, 36, 49, 50, 51, 48, 38, 39, 40, 41, 42, 59, 60, 61, 62, 58, 43, 44, 45, 46, 47, 52, 53, 54, 55, 56, 57, 67, 68, 66, 69, 70, 71, 72, 73, 74, 76, 77, 94, 95, 96, 93, 92, 97, 98, 99, 100, 101, 102, 91, 90, 89, 79, 80, 78, 75, 82, 83, 84, 65, 63, 64, 85, 115, 117, 116, 114, 113, 112, 86, 87, 81, 88, 111, 110, 109, 108, 107, 103, 104, 105, 106, 173, 172, 170, 171, 169, 168, 167, 166, 165, 164, 163, 162, 161, 160, 174, 159, 158, 157, 156, 118, 119, 155, 152, 154, 153, 120, 121, 122, 123, 124, 29, 125, 126, 128, 127, 20, 129, 130, 19, 18, 131, 132, 17, 16, 15, 271, 270, 
	@(0, 0, 0) L: 280
	F: 2798.06 at 0x1da98f0
220, 221, 222, 223, 224, 225, 226, 227, 228, 229, 250, 249, 246, 244, 245, 230, 231, 232, 233, 234, 235, 236, 237, 238, 239, 240, 243, 242, 241, 1, 0, 279, 2, 278, 277, 247, 248, 255, 256, 257, 258, 259, 260, 261, 262, 263, 264, 265, 139, 138, 148, 137, 136, 266, 267, 135, 134, 268, 133, 269, 271, 272, 273, 274, 275, 276, 3, 4, 5, 6, 7, 8, 9, 10, 11, 12, 13, 14, 270, 15, 16, 17, 132, 131, 18, 23, 22, 24, 21, 25, 19, 130, 129, 20, 128, 127, 126, 125, 122, 123, 124, 29, 28, 26, 27, 31, 30, 32, 33, 34, 35, 37, 36, 49, 50, 51, 48, 47, 52, 53, 54, 45, 46, 38, 39, 40, 41, 42, 59, 60, 117, 116, 61, 58, 43, 44, 55, 56, 57, 62, 63, 64, 65, 66, 67, 68, 69, 70, 71, 72, 73, 74, 76, 77, 94, 93, 95, 96, 97, 92, 90, 89, 79, 80, 78, 75, 81, 88, 108, 87, 82, 83, 84, 85, 115, 114, 86, 112, 113, 110, 111, 109, 107, 103, 104, 105, 106, 173, 172, 171, 170, 169, 168, 100, 101, 102, 91, 98, 99, 167, 166, 165, 164, 163, 162, 161, 160, 174, 159, 158, 180, 175, 176, 157, 156, 118, 119, 120, 121, 153, 154, 152, 155, 151, 150, 177, 149, 178, 179, 181, 182, 183, 184, 185, 186, 187, 188, 189, 190, 191, 192, 193, 194, 195, 196, 197, 198, 144, 145, 146, 147, 140, 141, 142, 143, 199, 200, 201, 202, 203, 204, 211, 206, 205, 207, 252, 253, 254, 251, 208, 209, 210, 212, 213, 214, 215, 216, 217, 218, 219, 
	generates
	@(0, 0, 0) L: 280
	F: 2788.9 at 0x1c3e4c0
272, 273, 260, 261, 262, 263, 264, 265, 266, 267, 268, 269, 133, 134, 135, 136, 137, 139, 140, 141, 142, 145, 146, 147, 138, 148, 149, 177, 151, 150, 176, 175, 178, 179, 180, 181, 182, 183, 184, 185, 186, 187, 188, 189, 190, 191, 192, 193, 194, 196, 197, 195, 200, 198, 144, 143, 199, 201, 202, 203, 204, 211, 210, 213, 212, 215, 214, 217, 216, 219, 220, 221, 218, 222, 223, 224, 225, 233, 234, 235, 236, 232, 231, 230, 237, 238, 245, 244, 239, 240, 243, 246, 247, 248, 249, 250, 229, 228, 227, 226, 209, 206, 261, 262, 263, 264, 265, 139, 138, 148, 137, 136, 266, 267, 135, 134, 268, 133, 269, 271, 272, 273, 274, 275, 276, 3, 4, 5, 6, 7, 8, 9, 10, 11, 12, 14, 13, 23, 22, 24, 21, 25, 26, 27, 28, 30, 31, 32, 33, 34, 35, 37, 36, 49, 50, 51, 48, 38, 39, 40, 41, 42, 59, 60, 61, 62, 58, 43, 44, 45, 46, 47, 52, 53, 54, 55, 56, 57, 67, 68, 66, 69, 70, 71, 72, 73, 74, 76, 77, 94, 95, 96, 93, 92, 97, 98, 99, 100, 101, 102, 91, 90, 89, 79, 80, 78, 75, 82, 83, 84, 65, 63, 64, 85, 115, 117, 116, 114, 113, 112, 86, 87, 81, 88, 111, 110, 109, 108, 107, 103, 104, 105, 106, 173, 172, 170, 171, 169, 168, 167, 166, 165, 164, 163, 162, 161, 160, 174, 159, 158, 157, 156, 118, 119, 155, 152, 154, 153, 120, 121, 122, 123, 124, 29, 125, 126, 128, 127, 20, 129, 130, 19, 18, 131, 132, 17, 16, 15, 271, 270, 
	@(0, 0, 0) L: 280
	F: 2789.56 at 0x1c3e520
272, 273, 260, 261, 262, 263, 264, 265, 266, 267, 268, 269, 133, 134, 135, 136, 137, 139, 140, 141, 142, 145, 146, 147, 138, 148, 149, 177, 151, 150, 176, 175, 178, 179, 180, 181, 182, 183, 184, 185, 186, 187, 188, 189, 190, 191, 192, 193, 194, 196, 197, 195, 200, 198, 144, 143, 199, 201, 202, 203, 204, 211, 210, 213, 212, 215, 214, 217, 216, 219, 220, 221, 218, 222, 223, 224, 225, 233, 234, 235, 236, 232, 231, 230, 237, 238, 245, 244, 239, 240, 243, 246, 247, 248, 249, 250, 229, 228, 227, 226, 209, 206, 205, 207, 252, 208, 251, 139, 138, 148, 137, 136, 266, 267, 135, 134, 268, 133, 269, 271, 272, 273, 274, 275, 276, 3, 4, 5, 6, 7, 8, 9, 10, 11, 12, 14, 13, 23, 22, 24, 21, 25, 26, 27, 28, 30, 31, 32, 33, 34, 35, 37, 36, 49, 50, 51, 48, 38, 39, 40, 41, 42, 59, 60, 61, 62, 58, 43, 44, 45, 46, 47, 52, 53, 54, 55, 56, 57, 67, 68, 66, 69, 70, 71, 72, 73, 74, 76, 77, 94, 95, 96, 93, 92, 97, 98, 99, 100, 101, 102, 91, 90, 89, 79, 80, 78, 75, 82, 83, 84, 65, 63, 64, 85, 115, 117, 116, 114, 113, 112, 86, 87, 81, 88, 111, 110, 109, 108, 107, 103, 104, 105, 106, 173, 172, 170, 171, 169, 168, 167, 166, 165, 164, 163, 162, 161, 160, 174, 159, 158, 157, 156, 118, 119, 155, 152, 154, 153, 120, 121, 122, 123, 124, 29, 125, 126, 128, 127, 20, 129, 130, 19, 18, 131, 132, 17, 16, 15, 271, 270, 
#	2812.48	2798.06	2592.24	2789.56	2588.31	2646.36
PX is feasible: 
SG(1) = 9, 12
SG(2) = 272, 273
---------------
	@(0, 0, 0) L: 280
	F: 2812.48 at 0x1da98a0
272, 273, 260, 261, 262, 263, 264, 265, 266, 267, 268, 269, 133, 134, 135, 136, 137, 139, 140, 141, 142, 145, 146, 147, 138, 148, 149, 177, 151, 150, 176, 175, 178, 179, 180, 181, 182, 183, 184, 185, 186, 187, 188, 189, 190, 191, 192, 193, 194, 196, 197, 195, 200, 198, 144, 143, 199, 201, 202, 203, 204, 211, 210, 213, 212, 215, 214, 217, 216, 219, 220, 221, 218, 222, 223, 224, 225, 233, 234, 235, 236, 232, 231, 230, 237, 238, 245, 244, 239, 240, 243, 246, 247, 248, 249, 250, 229, 228, 227, 226, 209, 206, 205, 207, 252, 208, 251, 253, 254, 255, 256, 257, 258, 259, 277, 278, 2, 279, 242, 241, 1, 0, 3, 276, 275, 274, 8, 5, 4, 6, 7, 9, 10, 11, 12, 14, 13, 23, 22, 24, 21, 25, 26, 27, 28, 30, 31, 32, 33, 34, 35, 37, 36, 49, 50, 51, 48, 38, 39, 40, 41, 42, 59, 60, 61, 62, 58, 43, 44, 45, 46, 47, 52, 53, 54, 55, 56, 57, 67, 68, 66, 69, 70, 71, 72, 73, 74, 76, 77, 94, 95, 96, 93, 92, 97, 98, 99, 100, 101, 102, 91, 90, 89, 79, 80, 78, 75, 82, 83, 84, 65, 63, 64, 85, 115, 117, 116, 114, 113, 112, 86, 87, 81, 88, 111, 110, 109, 108, 107, 103, 104, 105, 106, 173, 172, 170, 171, 169, 168, 167, 166, 165, 164, 163, 162, 161, 160, 174, 159, 158, 157, 156, 118, 119, 155, 152, 154, 153, 120, 121, 122, 123, 124, 29, 125, 126, 128, 127, 20, 129, 130, 19, 18, 131, 132, 17, 16, 15, 271, 270, 
	@(0, 0, 0) L: 280
	F: 2810.7 at 0x1da9990
215, 214, 213, 212, 211, 206, 205, 204, 203, 202, 201, 200, 195, 194, 193, 196, 197, 192, 191, 190, 189, 188, 187, 186, 185, 184, 164, 163, 162, 173, 172, 106, 105, 104, 103, 107, 108, 109, 110, 112, 113, 114, 116, 115, 86, 85, 64, 84, 83, 82, 87, 111, 88, 89, 90, 102, 101, 168, 169, 171, 170, 165, 166, 167, 99, 100, 98, 91, 97, 96, 95, 94, 93, 92, 79, 80, 81, 78, 75, 77, 76, 74, 73, 72, 71, 70, 69, 68, 67, 66, 65, 63, 62, 57, 56, 55, 54, 53, 52, 51, 50, 49, 48, 47, 46, 45, 44, 43, 58, 61, 117, 60, 59, 42, 41, 40, 39, 38, 37, 36, 35, 34, 33, 32, 31, 30, 29, 124, 123, 122, 121, 120, 119, 118, 156, 157, 158, 159, 174, 160, 161, 183, 182, 181, 180, 175, 176, 179, 178, 149, 177, 150, 151, 155, 152, 154, 153, 128, 129, 130, 131, 132, 133, 269, 268, 134, 135, 267, 136, 137, 138, 148, 146, 145, 144, 198, 199, 143, 142, 141, 140, 147, 139, 264, 265, 266, 263, 262, 261, 256, 257, 258, 259, 260, 274, 273, 272, 271, 270, 14, 15, 16, 17, 18, 19, 20, 127, 126, 125, 28, 27, 26, 25, 21, 24, 22, 23, 13, 12, 11, 10, 9, 8, 7, 6, 5, 4, 275, 276, 3, 0, 1, 279, 2, 278, 277, 247, 248, 255, 253, 254, 251, 252, 207, 208, 209, 210, 226, 227, 228, 229, 250, 249, 246, 244, 243, 242, 241, 240, 239, 238, 245, 230, 237, 236, 231, 232, 235, 234, 233, 225, 224, 223, 222, 217, 218, 221, 220, 216, 219, 
	generates
	@(0, 0, 0) L: 280
	F: 2787.14 at 0x1c3e4c0
272, 273, 260, 261, 262, 263, 264, 265, 266, 267, 268, 269, 133, 134, 135, 136, 137, 139, 140, 141, 142, 145, 146, 147, 138, 148, 149, 177, 151, 150, 176, 175, 178, 179, 180, 181, 182, 183, 184, 185, 186, 187, 188, 189, 190, 191, 192, 193, 194, 196, 197, 195, 200, 198, 144, 143, 199, 201, 202, 203, 204, 211, 210, 213, 212, 215, 214, 217, 216, 219, 220, 221, 218, 222, 223, 224, 225, 233, 234, 235, 236, 232, 231, 230, 237, 238, 245, 244, 239, 240, 243, 246, 247, 248, 249, 250, 229, 228, 227, 226, 209, 206, 205, 207, 252, 208, 251, 271, 270, 14, 15, 16, 17, 18, 19, 20, 127, 126, 125, 28, 27, 26, 25, 21, 24, 22, 23, 13, 12, 11, 10, 9, 10, 11, 12, 14, 13, 23, 22, 24, 21, 25, 26, 27, 28, 30, 31, 32, 33, 34, 35, 37, 36, 49, 50, 51, 48, 38, 39, 40, 41, 42, 59, 60, 61, 62, 58, 43, 44, 45, 46, 47, 52, 53, 54, 55, 56, 57, 67, 68, 66, 69, 70, 71, 72, 73, 74, 76, 77, 94, 95, 96, 93, 92, 97, 98, 99, 100, 101, 102, 91, 90, 89, 79, 80, 78, 75, 82, 83, 84, 65, 63, 64, 85, 115, 117, 116, 114, 113, 112, 86, 87, 81, 88, 111, 110, 109, 108, 107, 103, 104, 105, 106, 173, 172, 170, 171, 169, 168, 167, 166, 165, 164, 163, 162, 161, 160, 174, 159, 158, 157, 156, 118, 119, 155, 152, 154, 153, 120, 121, 122, 123, 124, 29, 125, 126, 128, 127, 20, 129, 130, 19, 18, 131, 132, 17, 16, 15, 271, 270, 
	@(0, 0, 0) L: 280
	F: 2761.85 at 0x1c3e520
272, 273, 260, 261, 262, 263, 264, 265, 266, 267, 268, 269, 133, 134, 135, 136, 137, 139, 140, 141, 142, 145, 146, 147, 138, 148, 149, 177, 151, 150, 176, 175, 178, 179, 180, 181, 182, 183, 184, 185, 186, 187, 188, 189, 190, 191, 192, 193, 194, 196, 197, 195, 200, 198, 144, 143, 199, 201, 202, 203, 204, 211, 210, 213, 212, 215, 214, 217, 216, 219, 220, 221, 218, 222, 223, 224, 225, 233, 234, 235, 236, 232, 231, 230, 237, 238, 245, 244, 239, 240, 243, 246, 247, 248, 249, 250, 229, 228, 227, 226, 209, 206, 205, 207, 252, 208, 251, 253, 254, 255, 256, 257, 272, 271, 270, 14, 15, 16, 17, 18, 19, 20, 127, 126, 125, 28, 27, 26, 25, 21, 24, 22, 23, 13, 12, 14, 13, 23, 22, 24, 21, 25, 26, 27, 28, 30, 31, 32, 33, 34, 35, 37, 36, 49, 50, 51, 48, 38, 39, 40, 41, 42, 59, 60, 61, 62, 58, 43, 44, 45, 46, 47, 52, 53, 54, 55, 56, 57, 67, 68, 66, 69, 70, 71, 72, 73, 74, 76, 77, 94, 95, 96, 93, 92, 97, 98, 99, 100, 101, 102, 91, 90, 89, 79, 80, 78, 75, 82, 83, 84, 65, 63, 64, 85, 115, 117, 116, 114, 113, 112, 86, 87, 81, 88, 111, 110, 109, 108, 107, 103, 104, 105, 106, 173, 172, 170, 171, 169, 168, 167, 166, 165, 164, 163, 162, 161, 160, 174, 159, 158, 157, 156, 118, 119, 155, 152, 154, 153, 120, 121, 122, 123, 124, 29, 125, 126, 128, 127, 20, 129, 130, 19, 18, 131, 132, 17, 16, 15, 271, 270, 
#	2812.48	2810.7	2561.92	2761.85	2561.92	2561.92
